 time.dt = 3
 sigr=20*1e-3;
sigth=10*1e-3;
2.1107    2.0687    2.2099    2.0174    2.2199
5.3237    5.2522    5.5098    5.2119    5.5252
%%%%%%%%%%%%%%%%%%%%%%%%%%%%%%%%%%%%%%%%%%%%%%%%%%
 time.dt = 3
 sigr=20*1e-3;
sigth=17*1e-3;
0.0676    0.0718    0.0601    0.0607    0.0600
1.5054    1.5545    1.4085    1.4124    1.4083
%%%%%%%%%%%%%%%%%%%%%%%%%%%%%%%%%%%%%%%%%%%%%%%%%%
 time.dt = 1
 sigr=20*1e-3;
sigth=17*1e-3;
0.0064    0.0063    0.0068    0.0068    0.0068
 0.4112    0.4235    0.4516    0.4537    0.4515
%%%%%%%%%%%%%%%%%%%%%%%%%%%%%%%%%%%%%%%%%%%%%%%%%%%




%%%%%%%%%%%%%%%%%%%%%%%%%%%%%%%%%%%%%%%%%%%%%%%%%%
 time.dt = 2
 sigr=20*1e-3;
sigth=17*1e-3;
0.0543    0.0532    0.0565    0.0569    0.0564
1.0483    1.0496    1.0461    1.0462    1.0461

%%%%%%%%%%%%%%%%%%%%%%%%%%%%%%%%%%%%%%%%%%%%%%%%%%
 time.dt = 4
 sigr=20*1e-3;
sigth=17*1e-3;
0.0254    0.0280    0.0219    0.0225    0.0219
0.6077    0.6258    0.5658    0.5657    0.5658

%%%%%%%%%%%%%%%%%%%%%%%%%%%%%%%%%%%%%%%%%%%%%%%%%%
 time.dt = 5
 sigr=20*1e-3;
sigth=17*1e-3;
0.0096    0.0084    0.0130    0.0119    0.0130
0.3068    0.2562    0.3982    0.3738    0.3991
%%%%%%%%%%%%%%%%%%%%%%%%%%%%%%%%%%%%%%%%%%%%%%%%%%
 time.dt = 5
 sigr=20*1e-3;
sigth=10*1e-3;
0.2350    0.2335    0.2408    0.2403    0.2408
2.1256    2.1353    2.1076    2.1087    2.1075

%%%%%%%%%%%%%%%%%%%%%%%%%%%%%%%%%%%%%%%%%%%%%%%%%%
 time.dt = 4
 sigr=20*1e-3;
sigth=10*1e-3;
0.0106    0.0108    0.0106    0.0099    0.0106
0.3434    0.3284    0.3732    0.3467    0.3742
%%%%%%%%%%%%%%%%%%%%%%%%%%%%%%%%%%%%%%%%%%%%%%%%%%
 time.dt = 3
 sigr=20*1e-3;
sigth=10*1e-3;
0.3366    0.3404    0.3318    0.3347    0.3318
2.2395    2.2395    2.2395    2.2395    2.2395

%%%%%%%%%%%%%%%%%%%%%%%%%%%%%%%%%%%%%%%%%%%%%%%%%%
 time.dt = 2
 sigr=20*1e-3;
sigth=10*1e-3;
0.4540    0.4569    0.4533    0.3876    0.4568
2.8707    2.8929    2.8575    2.5968    2.8706

%%%%%%%%%%%%%%%%%%%%%%%%%%%%%%%%%%%%%%%%%%%%%%%%%%
 time.dt = 1
 sigr=20*1e-3;
sigth=10*1e-3;
0.3233    0.3351    0.2983    0.3016    0.2982
2.3433    2.3966    2.1970    2.2017    2.1965

%%%%%%%%%%%%%%%%%%%%%%%%%%%%%%%%%%%%%%%%%%%%%%%%
time.dt = 2;
sigr=50*1e-3;
sigth=20*1e-3;
0.0195    0.0192    0.0204    0.0215    0.0203
0.8105    0.8022    0.8376    0.8763    0.8360

%%%%%%%%%%%%%%%%%%%%%%%%%%%%%%%%%%%%%%%%%%%%%%%%
time.dt = 1;
sigr=50*1e-3;
0.0170    0.0174    0.0227    0.0243    0.0226
1.3293    1.4095    1.1399    1.1463    1.1395

%%%%%%%%%%%%%%%%%%%%%%%%%%%%%%%%%%%%%%%%%%%%%%%%
time.dt = 1;
sigr=20*1e-3;
0.1214    0.1308    0.1104    0.1168    0.1102
1.3300    1.3300    1.3300    1.3300    1.3300

%%%%%%%%%%%%%%%%%%%%%%%%%%%%%%%%%%%%%%%%%%%%%%%%
time.dt = 2;
sigr=50*1e-3;
0.0151    0.0157    0.0141    0.0168    0.0140
0.6268    0.6524    0.5750    0.6499    0.5724
%%%%%%%%%%%%%%%%%%%%%%%%%%%%%%%%%%%%%%%%%%%%%%%%
time.dt = 0.5;
sigr=20*1e-3;
0.1367    0.1426    0.1276    0.1267    0.1276
0.7430    0.7574    0.7219    0.7203    0.7220
%%%%%%%%%%%%%%%%%%%%%%%%%%%%%%%%%%%%%%%%%%%%%%%%
time.dt = 0.5;
sigr=50*1e-3;
0.1560    0.1546    0.1470    0.1408    0.1471
2.5354    2.5221    2.4563    2.4105    2.4569





